0.000000000000000000e+00 2.643000000000000000e+03 8.519000000000000000e+03 2.786000000000000000e+03 1.027000000000000000e+03 3.011000000000000000e+03 1.627000000000000000e+03 3.992000000000000000e+03 1.987000000000000000e+03 2.450000000000000000e+03 6.930000000000000000e+02 0.000000000000000000e+00 6.460000000000000000e+02 3.270000000000000000e+02 4.108000000000000000e+03 7.950000000000000000e+02 6.930000000000000000e+02 2.049000000000000000e+03 2.008000000000000000e+03 3.680000000000000000e+02 6.150000000000000000e+02 8.650000000000000000e+02 8.000000000000000000e+01 1.080000000000000000e+02 4.380000000000000000e+02 0.000000000000000000e+00 5.034000000000000000e+03 3.447000000000000000e+03 0.000000000000000000e+00 0.000000000000000000e+00 6.222000000000000000e+03 3.632000000000000000e+03 1.540000000000000000e+03 1.821000000000000000e+03 3.044000000000000000e+03 1.622000000000000000e+03 4.097000000000000000e+03 2.099000000000000000e+03 2.477000000000000000e+03 2.602000000000000000e+03 3.417000000000000000e+03 3.365000000000000000e+03 3.361000000000000000e+03 4.561000000000000000e+03 0.000000000000000000e+00 1.647000000000000000e+03 4.848000000000000000e+03 1.769000000000000000e+03 2.360000000000000000e+03 1.685000000000000000e+03 2.896000000000000000e+03 9.280000000000000000e+02 5.050000000000000000e+02 9.830000000000000000e+02 4.830000000000000000e+02 2.730000000000000000e+02 3.660000000000000000e+02 6.920000000000000000e+02 1.599000000000000000e+03 8.350000000000000000e+02 1.579000000000000000e+03 8.035000000000000000e+03 2.236000000000000000e+03 1.962000000000000000e+03 1.278000000000000000e+03 0.000000000000000000e+00 5.869000000000000000e+03 0.000000000000000000e+00 0.000000000000000000e+00 4.070000000000000000e+02 0.000000000000000000e+00 1.938000000000000000e+03 1.754000000000000000e+03 4.740000000000000000e+02 2.058000000000000000e+03 5.970000000000000000e+02 3.830000000000000000e+03 4.830000000000000000e+02 1.028000000000000000e+03 4.800000000000000000e+01 1.014000000000000000e+03 8.730000000000000000e+02 0.000000000000000000e+00 2.279000000000000000e+03 1.905000000000000000e+03 8.390000000000000000e+02 3.900000000000000000e+02 8.560000000000000000e+02 9.800000000000000000e+01 5.400000000000000000e+02
2.643000000000000000e+03 0.000000000000000000e+00 1.235000000000000000e+03 4.520000000000000000e+02 1.700000000000000000e+01 4.320000000000000000e+02 1.030000000000000000e+02 4.480000000000000000e+02 1.240000000000000000e+02 4.590000000000000000e+02 1.040000000000000000e+02 0.000000000000000000e+00 1.250000000000000000e+02 7.700000000000000000e+01 3.370000000000000000e+02 6.300000000000000000e+01 7.100000000000000000e+01 1.400000000000000000e+02 7.900000000000000000e+01 1.000000000000000000e+01 5.600000000000000000e+01 2.500000000000000000e+01 1.000000000000000000e+00 2.000000000000000000e+00 1.000000000000000000e+00 0.000000000000000000e+00 6.350000000000000000e+02 3.100000000000000000e+02 0.000000000000000000e+00 0.000000000000000000e+00 6.510000000000000000e+02 8.200000000000000000e+01 1.120000000000000000e+02 3.200000000000000000e+01 4.000000000000000000e+00 1.000000000000000000e+00 4.400000000000000000e+01 7.400000000000000000e+01 1.700000000000000000e+01 1.300000000000000000e+01 2.460000000000000000e+02 3.800000000000000000e+01 1.400000000000000000e+01 1.640000000000000000e+02 0.000000000000000000e+00 1.400000000000000000e+01 9.700000000000000000e+01 1.500000000000000000e+01 2.200000000000000000e+01 1.400000000000000000e+01 4.800000000000000000e+01 6.300000000000000000e+01 1.700000000000000000e+01 1.800000000000000000e+01 2.000000000000000000e+01 5.000000000000000000e+00 1.000000000000000000e+01 1.100000000000000000e+01 1.400000000000000000e+01 1.300000000000000000e+01 9.000000000000000000e+00 2.520000000000000000e+02 3.800000000000000000e+01 1.460000000000000000e+02 2.000000000000000000e+01 0.000000000000000000e+00 1.390000000000000000e+02 0.000000000000000000e+00 0.000000000000000000e+00 6.000000000000000000e+00 0.000000000000000000e+00 4.400000000000000000e+01 2.800000000000000000e+01 1.400000000000000000e+01 1.200000000000000000e+01 1.500000000000000000e+01 1.830000000000000000e+02 6.000000000000000000e+00 9.000000000000000000e+00 1.000000000000000000e+00 8.000000000000000000e+00 1.800000000000000000e+01 0.000000000000000000e+00 7.100000000000000000e+01 9.700000000000000000e+01 1.700000000000000000e+01 5.000000000000000000e+00 2.500000000000000000e+01 0.000000000000000000e+00 4.000000000000000000e+00
8.519000000000000000e+03 1.235000000000000000e+03 0.000000000000000000e+00 1.377000000000000000e+03 3.570000000000000000e+02 2.125000000000000000e+03 4.220000000000000000e+02 3.664000000000000000e+03 2.620000000000000000e+02 2.534000000000000000e+03 7.630000000000000000e+02 0.000000000000000000e+00 7.760000000000000000e+02 4.740000000000000000e+02 8.150000000000000000e+02 1.820000000000000000e+02 1.640000000000000000e+02 4.810000000000000000e+02 3.830000000000000000e+02 8.600000000000000000e+01 1.470000000000000000e+02 1.110000000000000000e+02 8.000000000000000000e+00 4.800000000000000000e+01 4.900000000000000000e+01 0.000000000000000000e+00 1.033000000000000000e+03 7.770000000000000000e+02 0.000000000000000000e+00 0.000000000000000000e+00 1.513000000000000000e+03 2.980000000000000000e+02 3.140000000000000000e+02 2.740000000000000000e+02 7.400000000000000000e+01 4.000000000000000000e+01 2.920000000000000000e+02 2.610000000000000000e+02 1.340000000000000000e+02 1.380000000000000000e+02 6.210000000000000000e+02 1.340000000000000000e+02 1.480000000000000000e+02 2.400000000000000000e+02 0.000000000000000000e+00 4.700000000000000000e+01 2.390000000000000000e+02 6.300000000000000000e+01 5.600000000000000000e+01 5.500000000000000000e+01 9.100000000000000000e+01 7.400000000000000000e+01 3.200000000000000000e+01 5.400000000000000000e+01 3.900000000000000000e+01 1.400000000000000000e+01 2.400000000000000000e+01 5.200000000000000000e+01 6.900000000000000000e+01 6.200000000000000000e+01 3.900000000000000000e+01 5.480000000000000000e+02 4.700000000000000000e+01 3.600000000000000000e+02 2.200000000000000000e+01 0.000000000000000000e+00 3.100000000000000000e+02 0.000000000000000000e+00 0.000000000000000000e+00 2.400000000000000000e+01 0.000000000000000000e+00 7.300000000000000000e+01 5.600000000000000000e+01 2.300000000000000000e+01 1.200000000000000000e+01 2.700000000000000000e+01 4.700000000000000000e+02 1.200000000000000000e+01 1.600000000000000000e+01 1.000000000000000000e+00 1.100000000000000000e+01 3.500000000000000000e+01 0.000000000000000000e+00 9.100000000000000000e+01 4.990000000000000000e+02 4.000000000000000000e+01 9.000000000000000000e+00 8.000000000000000000e+01 2.000000000000000000e+00 9.000000000000000000e+00
2.786000000000000000e+03 4.520000000000000000e+02 1.377000000000000000e+03 0.000000000000000000e+00 1.500000000000000000e+01 2.930000000000000000e+02 2.400000000000000000e+01 6.310000000000000000e+02 2.200000000000000000e+01 3.220000000000000000e+02 4.100000000000000000e+01 0.000000000000000000e+00 8.100000000000000000e+01 3.200000000000000000e+01 1.190000000000000000e+02 2.500000000000000000e+01 3.800000000000000000e+01 1.080000000000000000e+02 2.500000000000000000e+01 1.400000000000000000e+01 9.200000000000000000e+01 3.800000000000000000e+01 1.000000000000000000e+00 0.000000000000000000e+00 0.000000000000000000e+00 0.000000000000000000e+00 3.340000000000000000e+02 1.920000000000000000e+02 0.000000000000000000e+00 0.000000000000000000e+00 4.470000000000000000e+02 6.600000000000000000e+01 6.400000000000000000e+01 4.000000000000000000e+00 2.000000000000000000e+00 1.000000000000000000e+00 1.100000000000000000e+01 1.000000000000000000e+01 2.000000000000000000e+00 0.000000000000000000e+00 3.000000000000000000e+01 7.000000000000000000e+00 4.000000000000000000e+00 5.900000000000000000e+01 0.000000000000000000e+00 6.000000000000000000e+00 3.500000000000000000e+01 6.000000000000000000e+00 5.000000000000000000e+00 3.000000000000000000e+00 1.700000000000000000e+01 4.500000000000000000e+01 1.000000000000000000e+01 2.000000000000000000e+00 1.500000000000000000e+01 1.000000000000000000e+00 5.000000000000000000e+00 1.000000000000000000e+00 6.000000000000000000e+00 2.000000000000000000e+00 3.000000000000000000e+00 1.640000000000000000e+02 4.000000000000000000e+00 1.160000000000000000e+02 1.000000000000000000e+00 0.000000000000000000e+00 5.400000000000000000e+01 0.000000000000000000e+00 0.000000000000000000e+00 1.000000000000000000e+00 0.000000000000000000e+00 1.400000000000000000e+01 7.000000000000000000e+00 3.000000000000000000e+00 2.000000000000000000e+00 3.000000000000000000e+00 8.000000000000000000e+01 2.000000000000000000e+00 0.000000000000000000e+00 0.000000000000000000e+00 0.000000000000000000e+00 5.000000000000000000e+00 0.000000000000000000e+00 2.600000000000000000e+01 5.100000000000000000e+01 3.000000000000000000e+00 1.000000000000000000e+00 1.500000000000000000e+01 1.000000000000000000e+00 0.000000000000000000e+00
1.027000000000000000e+03 1.700000000000000000e+01 3.570000000000000000e+02 1.500000000000000000e+01 0.000000000000000000e+00 7.200000000000000000e+01 8.000000000000000000e+00 6.440000000000000000e+02 7.800000000000000000e+01 2.200000000000000000e+01 5.000000000000000000e+00 0.000000000000000000e+00 5.000000000000000000e+00 2.000000000000000000e+00 2.400000000000000000e+01 2.500000000000000000e+01 3.000000000000000000e+00 6.000000000000000000e+00 4.000000000000000000e+00 2.000000000000000000e+00 2.000000000000000000e+00 1.000000000000000000e+00 0.000000000000000000e+00 0.000000000000000000e+00 1.000000000000000000e+00 0.000000000000000000e+00 6.900000000000000000e+01 1.100000000000000000e+01 0.000000000000000000e+00 0.000000000000000000e+00 9.500000000000000000e+01 4.200000000000000000e+01 7.700000000000000000e+01 3.000000000000000000e+00 2.000000000000000000e+00 0.000000000000000000e+00 2.000000000000000000e+00 1.500000000000000000e+01 2.000000000000000000e+00 2.000000000000000000e+00 2.000000000000000000e+00 3.000000000000000000e+00 3.000000000000000000e+00 1.000000000000000000e+01 0.000000000000000000e+00 1.000000000000000000e+00 7.000000000000000000e+00 0.000000000000000000e+00 3.000000000000000000e+00 0.000000000000000000e+00 4.000000000000000000e+00 0.000000000000000000e+00 0.000000000000000000e+00 0.000000000000000000e+00 0.000000000000000000e+00 0.000000000000000000e+00 0.000000000000000000e+00 0.000000000000000000e+00 1.000000000000000000e+00 0.000000000000000000e+00 7.000000000000000000e+00 4.500000000000000000e+01 0.000000000000000000e+00 1.100000000000000000e+01 1.000000000000000000e+00 0.000000000000000000e+00 1.200000000000000000e+01 0.000000000000000000e+00 0.000000000000000000e+00 0.000000000000000000e+00 0.000000000000000000e+00 7.000000000000000000e+00 5.000000000000000000e+00 0.000000000000000000e+00 2.000000000000000000e+00 2.000000000000000000e+00 1.200000000000000000e+01 0.000000000000000000e+00 1.000000000000000000e+00 0.000000000000000000e+00 1.000000000000000000e+00 2.000000000000000000e+00 0.000000000000000000e+00 8.000000000000000000e+00 1.100000000000000000e+01 1.000000000000000000e+00 0.000000000000000000e+00 2.000000000000000000e+00 1.000000000000000000e+00 0.000000000000000000e+00
3.011000000000000000e+03 4.320000000000000000e+02 2.125000000000000000e+03 2.930000000000000000e+02 7.200000000000000000e+01 0.000000000000000000e+00 9.700000000000000000e+01 9.170000000000000000e+02 5.700000000000000000e+01 8.570000000000000000e+02 8.400000000000000000e+01 0.000000000000000000e+00 1.240000000000000000e+02 3.500000000000000000e+01 2.170000000000000000e+02 4.100000000000000000e+01 3.000000000000000000e+00 4.800000000000000000e+01 7.600000000000000000e+01 1.700000000000000000e+01 2.700000000000000000e+01 1.600000000000000000e+01 3.000000000000000000e+00 4.000000000000000000e+00 8.000000000000000000e+00 0.000000000000000000e+00 4.780000000000000000e+02 1.720000000000000000e+02 0.000000000000000000e+00 0.000000000000000000e+00 6.750000000000000000e+02 1.200000000000000000e+02 1.120000000000000000e+02 3.000000000000000000e+00 1.100000000000000000e+01 3.000000000000000000e+00 1.500000000000000000e+01 3.200000000000000000e+01 4.000000000000000000e+00 6.000000000000000000e+00 4.900000000000000000e+01 1.200000000000000000e+01 8.000000000000000000e+00 3.300000000000000000e+01 0.000000000000000000e+00 1.000000000000000000e+00 1.800000000000000000e+01 0.000000000000000000e+00 1.000000000000000000e+00 1.000000000000000000e+00 4.000000000000000000e+00 1.200000000000000000e+01 8.000000000000000000e+00 8.000000000000000000e+00 1.000000000000000000e+01 0.000000000000000000e+00 2.000000000000000000e+00 8.000000000000000000e+00 3.000000000000000000e+00 8.000000000000000000e+00 2.000000000000000000e+00 8.600000000000000000e+01 1.000000000000000000e+00 8.400000000000000000e+01 0.000000000000000000e+00 0.000000000000000000e+00 3.200000000000000000e+01 0.000000000000000000e+00 0.000000000000000000e+00 0.000000000000000000e+00 0.000000000000000000e+00 1.100000000000000000e+01 6.000000000000000000e+00 2.000000000000000000e+00 0.000000000000000000e+00 1.000000000000000000e+00 9.000000000000000000e+01 0.000000000000000000e+00 0.000000000000000000e+00 1.000000000000000000e+00 0.000000000000000000e+00 0.000000000000000000e+00 0.000000000000000000e+00 1.300000000000000000e+01 1.650000000000000000e+02 3.000000000000000000e+00 0.000000000000000000e+00 8.000000000000000000e+00 1.000000000000000000e+00 0.000000000000000000e+00
1.627000000000000000e+03 1.030000000000000000e+02 4.220000000000000000e+02 2.400000000000000000e+01 8.000000000000000000e+00 9.700000000000000000e+01 0.000000000000000000e+00 1.730000000000000000e+02 5.700000000000000000e+01 4.050000000000000000e+02 1.300000000000000000e+01 0.000000000000000000e+00 3.900000000000000000e+01 5.000000000000000000e+00 2.340000000000000000e+02 2.200000000000000000e+01 3.000000000000000000e+00 1.700000000000000000e+01 2.700000000000000000e+01 5.000000000000000000e+00 9.000000000000000000e+00 1.000000000000000000e+01 0.000000000000000000e+00 1.000000000000000000e+00 0.000000000000000000e+00 0.000000000000000000e+00 2.420000000000000000e+02 3.800000000000000000e+01 0.000000000000000000e+00 0.000000000000000000e+00 3.450000000000000000e+02 6.600000000000000000e+01 1.670000000000000000e+02 0.000000000000000000e+00 3.000000000000000000e+00 1.000000000000000000e+00 2.000000000000000000e+00 3.000000000000000000e+00 0.000000000000000000e+00 0.000000000000000000e+00 1.000000000000000000e+01 2.000000000000000000e+00 0.000000000000000000e+00 2.600000000000000000e+01 0.000000000000000000e+00 6.000000000000000000e+00 1.100000000000000000e+01 1.000000000000000000e+00 1.000000000000000000e+00 1.000000000000000000e+00 3.000000000000000000e+00 4.000000000000000000e+00 4.000000000000000000e+00 2.000000000000000000e+00 2.000000000000000000e+00 0.000000000000000000e+00 1.000000000000000000e+00 2.000000000000000000e+00 0.000000000000000000e+00 3.000000000000000000e+00 1.900000000000000000e+01 6.500000000000000000e+01 4.000000000000000000e+00 3.900000000000000000e+01 2.000000000000000000e+00 0.000000000000000000e+00 1.800000000000000000e+01 0.000000000000000000e+00 0.000000000000000000e+00 2.000000000000000000e+00 0.000000000000000000e+00 1.000000000000000000e+01 7.000000000000000000e+00 1.000000000000000000e+00 0.000000000000000000e+00 3.000000000000000000e+00 6.200000000000000000e+01 0.000000000000000000e+00 2.000000000000000000e+00 0.000000000000000000e+00 1.000000000000000000e+00 1.000000000000000000e+00 0.000000000000000000e+00 1.800000000000000000e+01 8.700000000000000000e+01 2.000000000000000000e+00 0.000000000000000000e+00 7.000000000000000000e+00 0.000000000000000000e+00 0.000000000000000000e+00
3.992000000000000000e+03 4.480000000000000000e+02 3.664000000000000000e+03 6.310000000000000000e+02 6.440000000000000000e+02 9.170000000000000000e+02 1.730000000000000000e+02 0.000000000000000000e+00 1.430000000000000000e+02 1.069000000000000000e+03 2.710000000000000000e+02 0.000000000000000000e+00 2.960000000000000000e+02 1.310000000000000000e+02 2.350000000000000000e+02 8.400000000000000000e+01 1.600000000000000000e+01 2.260000000000000000e+02 2.130000000000000000e+02 8.300000000000000000e+01 1.020000000000000000e+02 5.500000000000000000e+01 7.000000000000000000e+00 2.200000000000000000e+01 2.500000000000000000e+01 0.000000000000000000e+00 4.310000000000000000e+02 2.730000000000000000e+02 0.000000000000000000e+00 0.000000000000000000e+00 6.230000000000000000e+02 1.280000000000000000e+02 1.520000000000000000e+02 8.800000000000000000e+01 3.100000000000000000e+01 2.200000000000000000e+01 7.100000000000000000e+01 1.000000000000000000e+02 3.500000000000000000e+01 3.200000000000000000e+01 1.550000000000000000e+02 4.900000000000000000e+01 2.500000000000000000e+01 1.090000000000000000e+02 0.000000000000000000e+00 1.200000000000000000e+01 6.500000000000000000e+01 1.100000000000000000e+01 9.000000000000000000e+00 2.000000000000000000e+01 3.800000000000000000e+01 5.100000000000000000e+01 2.700000000000000000e+01 8.000000000000000000e+00 2.900000000000000000e+01 8.000000000000000000e+00 1.600000000000000000e+01 1.200000000000000000e+01 1.300000000000000000e+01 1.500000000000000000e+01 1.800000000000000000e+01 2.230000000000000000e+02 1.400000000000000000e+01 1.330000000000000000e+02 7.000000000000000000e+00 0.000000000000000000e+00 9.200000000000000000e+01 0.000000000000000000e+00 0.000000000000000000e+00 1.000000000000000000e+01 0.000000000000000000e+00 1.700000000000000000e+01 1.300000000000000000e+01 2.000000000000000000e+00 3.000000000000000000e+00 4.000000000000000000e+00 1.680000000000000000e+02 3.000000000000000000e+00 6.000000000000000000e+00 0.000000000000000000e+00 2.000000000000000000e+00 1.100000000000000000e+01 0.000000000000000000e+00 2.000000000000000000e+01 1.410000000000000000e+02 7.000000000000000000e+00 5.000000000000000000e+00 1.600000000000000000e+01 0.000000000000000000e+00 1.000000000000000000e+00
1.987000000000000000e+03 1.240000000000000000e+02 2.620000000000000000e+02 2.200000000000000000e+01 7.800000000000000000e+01 5.700000000000000000e+01 5.700000000000000000e+01 1.430000000000000000e+02 0.000000000000000000e+00 1.300000000000000000e+01 6.000000000000000000e+00 0.000000000000000000e+00 6.000000000000000000e+00 3.000000000000000000e+00 2.020000000000000000e+02 2.360000000000000000e+02 5.000000000000000000e+00 1.540000000000000000e+02 3.800000000000000000e+01 1.000000000000000000e+01 4.500000000000000000e+01 1.500000000000000000e+01 2.000000000000000000e+00 0.000000000000000000e+00 8.000000000000000000e+00 0.000000000000000000e+00 1.140000000000000000e+02 2.600000000000000000e+02 0.000000000000000000e+00 0.000000000000000000e+00 1.190000000000000000e+02 1.400000000000000000e+01 2.800000000000000000e+01 3.600000000000000000e+01 2.000000000000000000e+01 6.000000000000000000e+00 2.600000000000000000e+01 1.240000000000000000e+02 6.000000000000000000e+00 2.000000000000000000e+00 2.500000000000000000e+01 1.760000000000000000e+02 2.000000000000000000e+00 7.000000000000000000e+01 0.000000000000000000e+00 1.300000000000000000e+01 4.400000000000000000e+01 1.300000000000000000e+01 2.300000000000000000e+01 1.100000000000000000e+01 3.300000000000000000e+01 2.300000000000000000e+01 1.800000000000000000e+01 1.100000000000000000e+01 9.000000000000000000e+00 0.000000000000000000e+00 3.000000000000000000e+00 9.000000000000000000e+00 3.000000000000000000e+00 2.000000000000000000e+00 6.000000000000000000e+00 1.840000000000000000e+02 1.100000000000000000e+01 4.200000000000000000e+01 5.000000000000000000e+00 0.000000000000000000e+00 6.800000000000000000e+01 0.000000000000000000e+00 0.000000000000000000e+00 4.000000000000000000e+00 0.000000000000000000e+00 1.100000000000000000e+01 4.000000000000000000e+00 1.000000000000000000e+00 4.000000000000000000e+00 2.000000000000000000e+00 3.700000000000000000e+01 1.000000000000000000e+00 3.000000000000000000e+00 0.000000000000000000e+00 5.000000000000000000e+00 3.000000000000000000e+00 0.000000000000000000e+00 1.100000000000000000e+01 6.600000000000000000e+01 1.100000000000000000e+01 0.000000000000000000e+00 1.100000000000000000e+01 0.000000000000000000e+00 2.000000000000000000e+00
2.450000000000000000e+03 4.590000000000000000e+02 2.534000000000000000e+03 3.220000000000000000e+02 2.200000000000000000e+01 8.570000000000000000e+02 4.050000000000000000e+02 1.069000000000000000e+03 1.300000000000000000e+01 0.000000000000000000e+00 2.500000000000000000e+02 0.000000000000000000e+00 1.680000000000000000e+02 9.300000000000000000e+01 1.830000000000000000e+02 5.400000000000000000e+01 3.000000000000000000e+00 5.800000000000000000e+01 8.200000000000000000e+01 3.000000000000000000e+00 9.000000000000000000e+00 1.100000000000000000e+01 0.000000000000000000e+00 0.000000000000000000e+00 0.000000000000000000e+00 0.000000000000000000e+00 4.500000000000000000e+02 2.290000000000000000e+02 0.000000000000000000e+00 0.000000000000000000e+00 6.670000000000000000e+02 8.100000000000000000e+01 7.100000000000000000e+01 3.000000000000000000e+00 9.000000000000000000e+00 5.000000000000000000e+00 1.000000000000000000e+01 1.000000000000000000e+01 3.000000000000000000e+00 5.000000000000000000e+00 8.400000000000000000e+01 8.000000000000000000e+00 7.000000000000000000e+00 3.800000000000000000e+01 0.000000000000000000e+00 2.000000000000000000e+00 2.900000000000000000e+01 0.000000000000000000e+00 0.000000000000000000e+00 3.000000000000000000e+00 4.000000000000000000e+00 6.000000000000000000e+00 4.000000000000000000e+00 5.000000000000000000e+00 3.000000000000000000e+00 1.000000000000000000e+00 1.000000000000000000e+00 9.000000000000000000e+00 4.000000000000000000e+00 1.000000000000000000e+01 1.000000000000000000e+00 5.600000000000000000e+01 0.000000000000000000e+00 1.060000000000000000e+02 1.000000000000000000e+00 0.000000000000000000e+00 2.600000000000000000e+01 0.000000000000000000e+00 0.000000000000000000e+00 3.000000000000000000e+00 0.000000000000000000e+00 1.800000000000000000e+01 6.000000000000000000e+00 1.000000000000000000e+00 2.000000000000000000e+00 2.000000000000000000e+00 1.100000000000000000e+02 1.000000000000000000e+00 3.000000000000000000e+00 0.000000000000000000e+00 1.000000000000000000e+00 1.000000000000000000e+00 0.000000000000000000e+00 1.300000000000000000e+01 2.110000000000000000e+02 4.000000000000000000e+00 1.000000000000000000e+00 7.000000000000000000e+00 0.000000000000000000e+00 1.000000000000000000e+00
6.930000000000000000e+02 1.040000000000000000e+02 7.630000000000000000e+02 4.100000000000000000e+01 5.000000000000000000e+00 8.400000000000000000e+01 1.300000000000000000e+01 2.710000000000000000e+02 6.000000000000000000e+00 2.500000000000000000e+02 0.000000000000000000e+00 0.000000000000000000e+00 1.190000000000000000e+02 5.100000000000000000e+01 8.100000000000000000e+01 1.200000000000000000e+01 5.000000000000000000e+00 4.900000000000000000e+01 1.200000000000000000e+01 1.000000000000000000e+00 2.000000000000000000e+00 1.000000000000000000e+00 0.000000000000000000e+00 0.000000000000000000e+00 0.000000000000000000e+00 0.000000000000000000e+00 9.400000000000000000e+01 4.900000000000000000e+01 0.000000000000000000e+00 0.000000000000000000e+00 1.340000000000000000e+02 8.000000000000000000e+00 1.200000000000000000e+01 4.000000000000000000e+00 0.000000000000000000e+00 1.000000000000000000e+00 1.100000000000000000e+01 3.000000000000000000e+00 7.000000000000000000e+00 3.000000000000000000e+00 3.200000000000000000e+01 3.000000000000000000e+00 2.000000000000000000e+00 1.300000000000000000e+01 0.000000000000000000e+00 3.000000000000000000e+00 1.500000000000000000e+01 0.000000000000000000e+00 0.000000000000000000e+00 0.000000000000000000e+00 5.000000000000000000e+00 1.000000000000000000e+00 1.000000000000000000e+00 3.000000000000000000e+00 1.000000000000000000e+00 0.000000000000000000e+00 0.000000000000000000e+00 2.000000000000000000e+00 2.000000000000000000e+00 1.000000000000000000e+00 1.000000000000000000e+00 3.500000000000000000e+01 3.000000000000000000e+00 6.100000000000000000e+01 1.000000000000000000e+00 0.000000000000000000e+00 1.100000000000000000e+01 0.000000000000000000e+00 0.000000000000000000e+00 1.000000000000000000e+00 0.000000000000000000e+00 7.000000000000000000e+00 0.000000000000000000e+00 0.000000000000000000e+00 0.000000000000000000e+00 0.000000000000000000e+00 2.700000000000000000e+01 1.000000000000000000e+00 0.000000000000000000e+00 0.000000000000000000e+00 1.000000000000000000e+00 0.000000000000000000e+00 0.000000000000000000e+00 5.000000000000000000e+00 2.700000000000000000e+01 3.000000000000000000e+00 0.000000000000000000e+00 5.000000000000000000e+00 0.000000000000000000e+00 0.000000000000000000e+00
0.000000000000000000e+00 0.000000000000000000e+00 0.000000000000000000e+00 0.000000000000000000e+00 0.000000000000000000e+00 0.000000000000000000e+00 0.000000000000000000e+00 0.000000000000000000e+00 0.000000000000000000e+00 0.000000000000000000e+00 0.000000000000000000e+00 0.000000000000000000e+00 0.000000000000000000e+00 0.000000000000000000e+00 0.000000000000000000e+00 0.000000000000000000e+00 0.000000000000000000e+00 0.000000000000000000e+00 0.000000000000000000e+00 0.000000000000000000e+00 0.000000000000000000e+00 0.000000000000000000e+00 0.000000000000000000e+00 0.000000000000000000e+00 0.000000000000000000e+00 0.000000000000000000e+00 0.000000000000000000e+00 0.000000000000000000e+00 0.000000000000000000e+00 0.000000000000000000e+00 0.000000000000000000e+00 0.000000000000000000e+00 0.000000000000000000e+00 0.000000000000000000e+00 0.000000000000000000e+00 0.000000000000000000e+00 0.000000000000000000e+00 0.000000000000000000e+00 0.000000000000000000e+00 0.000000000000000000e+00 0.000000000000000000e+00 0.000000000000000000e+00 0.000000000000000000e+00 0.000000000000000000e+00 0.000000000000000000e+00 0.000000000000000000e+00 0.000000000000000000e+00 0.000000000000000000e+00 0.000000000000000000e+00 0.000000000000000000e+00 0.000000000000000000e+00 0.000000000000000000e+00 0.000000000000000000e+00 0.000000000000000000e+00 0.000000000000000000e+00 0.000000000000000000e+00 0.000000000000000000e+00 0.000000000000000000e+00 0.000000000000000000e+00 0.000000000000000000e+00 0.000000000000000000e+00 0.000000000000000000e+00 0.000000000000000000e+00 0.000000000000000000e+00 0.000000000000000000e+00 0.000000000000000000e+00 0.000000000000000000e+00 0.000000000000000000e+00 0.000000000000000000e+00 0.000000000000000000e+00 0.000000000000000000e+00 0.000000000000000000e+00 0.000000000000000000e+00 0.000000000000000000e+00 0.000000000000000000e+00 0.000000000000000000e+00 0.000000000000000000e+00 0.000000000000000000e+00 0.000000000000000000e+00 0.000000000000000000e+00 0.000000000000000000e+00 0.000000000000000000e+00 0.000000000000000000e+00 0.000000000000000000e+00 0.000000000000000000e+00 0.000000000000000000e+00 0.000000000000000000e+00 0.000000000000000000e+00 0.000000000000000000e+00 0.000000000000000000e+00
6.460000000000000000e+02 1.250000000000000000e+02 7.760000000000000000e+02 8.100000000000000000e+01 5.000000000000000000e+00 1.240000000000000000e+02 3.900000000000000000e+01 2.960000000000000000e+02 6.000000000000000000e+00 1.680000000000000000e+02 1.190000000000000000e+02 0.000000000000000000e+00 0.000000000000000000e+00 2.900000000000000000e+01 3.900000000000000000e+01 1.400000000000000000e+01 3.000000000000000000e+00 1.600000000000000000e+01 2.100000000000000000e+01 4.000000000000000000e+00 5.000000000000000000e+00 5.000000000000000000e+00 0.000000000000000000e+00 2.000000000000000000e+00 2.000000000000000000e+00 0.000000000000000000e+00 8.700000000000000000e+01 4.200000000000000000e+01 0.000000000000000000e+00 0.000000000000000000e+00 1.210000000000000000e+02 1.000000000000000000e+01 1.700000000000000000e+01 7.000000000000000000e+00 7.000000000000000000e+00 4.000000000000000000e+00 6.000000000000000000e+00 6.000000000000000000e+00 4.000000000000000000e+00 4.000000000000000000e+00 2.400000000000000000e+01 4.000000000000000000e+00 5.000000000000000000e+00 1.400000000000000000e+01 0.000000000000000000e+00 2.000000000000000000e+00 1.500000000000000000e+01 3.000000000000000000e+00 5.000000000000000000e+00 1.000000000000000000e+00 6.000000000000000000e+00 3.000000000000000000e+00 0.000000000000000000e+00 4.000000000000000000e+00 1.000000000000000000e+00 0.000000000000000000e+00 1.000000000000000000e+00 0.000000000000000000e+00 2.000000000000000000e+00 1.000000000000000000e+00 4.000000000000000000e+00 2.600000000000000000e+01 3.000000000000000000e+00 3.900000000000000000e+01 4.000000000000000000e+00 0.000000000000000000e+00 1.100000000000000000e+01 0.000000000000000000e+00 0.000000000000000000e+00 1.000000000000000000e+00 0.000000000000000000e+00 3.000000000000000000e+00 1.000000000000000000e+00 0.000000000000000000e+00 1.000000000000000000e+00 1.000000000000000000e+00 2.200000000000000000e+01 0.000000000000000000e+00 1.000000000000000000e+00 0.000000000000000000e+00 0.000000000000000000e+00 3.000000000000000000e+00 0.000000000000000000e+00 5.000000000000000000e+00 2.500000000000000000e+01 2.000000000000000000e+00 2.000000000000000000e+00 3.000000000000000000e+00 0.000000000000000000e+00 0.000000000000000000e+00
3.270000000000000000e+02 7.700000000000000000e+01 4.740000000000000000e+02 3.200000000000000000e+01 2.000000000000000000e+00 3.500000000000000000e+01 5.000000000000000000e+00 1.310000000000000000e+02 3.000000000000000000e+00 9.300000000000000000e+01 5.100000000000000000e+01 0.000000000000000000e+00 2.900000000000000000e+01 0.000000000000000000e+00 3.200000000000000000e+01 3.000000000000000000e+00 3.000000000000000000e+00 1.900000000000000000e+01 5.000000000000000000e+00 2.000000000000000000e+00 0.000000000000000000e+00 0.000000000000000000e+00 0.000000000000000000e+00 0.000000000000000000e+00 0.000000000000000000e+00 0.000000000000000000e+00 4.100000000000000000e+01 1.900000000000000000e+01 0.000000000000000000e+00 0.000000000000000000e+00 7.500000000000000000e+01 7.000000000000000000e+00 8.000000000000000000e+00 4.000000000000000000e+00 2.000000000000000000e+00 0.000000000000000000e+00 0.000000000000000000e+00 1.000000000000000000e+00 0.000000000000000000e+00 0.000000000000000000e+00 7.000000000000000000e+00 0.000000000000000000e+00 0.000000000000000000e+00 3.000000000000000000e+00 0.000000000000000000e+00 1.000000000000000000e+00 1.300000000000000000e+01 2.000000000000000000e+00 0.000000000000000000e+00 0.000000000000000000e+00 0.000000000000000000e+00 1.000000000000000000e+00 0.000000000000000000e+00 0.000000000000000000e+00 0.000000000000000000e+00 0.000000000000000000e+00 0.000000000000000000e+00 2.000000000000000000e+00 3.000000000000000000e+00 1.000000000000000000e+00 1.000000000000000000e+00 1.500000000000000000e+01 1.000000000000000000e+00 2.400000000000000000e+01 0.000000000000000000e+00 0.000000000000000000e+00 1.300000000000000000e+01 0.000000000000000000e+00 0.000000000000000000e+00 3.000000000000000000e+00 0.000000000000000000e+00 1.000000000000000000e+00 2.000000000000000000e+00 0.000000000000000000e+00 0.000000000000000000e+00 1.000000000000000000e+00 1.300000000000000000e+01 1.000000000000000000e+00 0.000000000000000000e+00 0.000000000000000000e+00 0.000000000000000000e+00 0.000000000000000000e+00 0.000000000000000000e+00 3.000000000000000000e+00 9.000000000000000000e+00 2.000000000000000000e+00 0.000000000000000000e+00 0.000000000000000000e+00 0.000000000000000000e+00 0.000000000000000000e+00
4.108000000000000000e+03 3.370000000000000000e+02 8.150000000000000000e+02 1.190000000000000000e+02 2.400000000000000000e+01 2.170000000000000000e+02 2.340000000000000000e+02 2.350000000000000000e+02 2.020000000000000000e+02 1.830000000000000000e+02 8.100000000000000000e+01 0.000000000000000000e+00 3.900000000000000000e+01 3.200000000000000000e+01 0.000000000000000000e+00 1.970000000000000000e+02 1.420000000000000000e+02 2.570000000000000000e+02 6.200000000000000000e+01 2.800000000000000000e+01 3.800000000000000000e+01 1.120000000000000000e+02 1.200000000000000000e+01 9.000000000000000000e+00 2.000000000000000000e+01 0.000000000000000000e+00 5.690000000000000000e+02 3.670000000000000000e+02 0.000000000000000000e+00 0.000000000000000000e+00 7.910000000000000000e+02 1.470000000000000000e+02 1.450000000000000000e+02 1.360000000000000000e+02 6.500000000000000000e+01 3.100000000000000000e+01 4.290000000000000000e+02 7.400000000000000000e+01 4.310000000000000000e+02 3.780000000000000000e+02 3.220000000000000000e+02 3.100000000000000000e+01 2.860000000000000000e+02 3.070000000000000000e+02 0.000000000000000000e+00 3.000000000000000000e+01 2.480000000000000000e+02 6.900000000000000000e+01 4.700000000000000000e+01 5.700000000000000000e+01 1.130000000000000000e+02 2.800000000000000000e+01 1.800000000000000000e+01 5.100000000000000000e+01 1.600000000000000000e+01 5.000000000000000000e+00 6.000000000000000000e+00 3.200000000000000000e+01 5.200000000000000000e+01 2.000000000000000000e+01 3.000000000000000000e+01 6.880000000000000000e+02 5.900000000000000000e+01 3.300000000000000000e+02 2.700000000000000000e+01 0.000000000000000000e+00 4.260000000000000000e+02 0.000000000000000000e+00 0.000000000000000000e+00 9.000000000000000000e+00 0.000000000000000000e+00 4.000000000000000000e+01 6.700000000000000000e+01 6.000000000000000000e+00 8.000000000000000000e+00 7.000000000000000000e+00 2.740000000000000000e+02 7.000000000000000000e+00 8.000000000000000000e+00 0.000000000000000000e+00 2.300000000000000000e+01 1.200000000000000000e+01 0.000000000000000000e+00 1.670000000000000000e+02 1.810000000000000000e+02 5.100000000000000000e+01 6.000000000000000000e+00 5.300000000000000000e+01 1.000000000000000000e+00 5.000000000000000000e+00
7.950000000000000000e+02 6.300000000000000000e+01 1.820000000000000000e+02 2.500000000000000000e+01 2.500000000000000000e+01 4.100000000000000000e+01 2.200000000000000000e+01 8.400000000000000000e+01 2.360000000000000000e+02 5.400000000000000000e+01 1.200000000000000000e+01 0.000000000000000000e+00 1.400000000000000000e+01 3.000000000000000000e+00 1.970000000000000000e+02 0.000000000000000000e+00 7.300000000000000000e+01 6.700000000000000000e+01 4.600000000000000000e+01 4.200000000000000000e+01 7.500000000000000000e+01 7.300000000000000000e+01 2.100000000000000000e+01 9.800000000000000000e+01 1.390000000000000000e+02 0.000000000000000000e+00 6.400000000000000000e+01 7.600000000000000000e+01 0.000000000000000000e+00 0.000000000000000000e+00 1.110000000000000000e+02 1.800000000000000000e+01 1.200000000000000000e+01 1.600000000000000000e+01 3.000000000000000000e+00 0.000000000000000000e+00 9.000000000000000000e+00 4.300000000000000000e+01 2.000000000000000000e+00 2.000000000000000000e+00 2.100000000000000000e+01 5.600000000000000000e+01 1.000000000000000000e+00 5.900000000000000000e+01 0.000000000000000000e+00 1.200000000000000000e+01 7.200000000000000000e+01 1.300000000000000000e+01 1.300000000000000000e+01 1.600000000000000000e+01 5.700000000000000000e+01 1.700000000000000000e+01 4.800000000000000000e+01 1.000000000000000000e+00 1.200000000000000000e+01 3.000000000000000000e+00 4.000000000000000000e+00 5.000000000000000000e+00 7.000000000000000000e+00 3.000000000000000000e+00 1.700000000000000000e+01 1.590000000000000000e+02 3.500000000000000000e+01 7.400000000000000000e+01 2.100000000000000000e+01 0.000000000000000000e+00 9.200000000000000000e+01 0.000000000000000000e+00 0.000000000000000000e+00 5.000000000000000000e+00 0.000000000000000000e+00 3.500000000000000000e+01 1.300000000000000000e+01 6.000000000000000000e+00 1.000000000000000000e+01 1.000000000000000000e+01 2.400000000000000000e+01 8.000000000000000000e+00 2.000000000000000000e+01 1.000000000000000000e+00 1.900000000000000000e+01 1.400000000000000000e+01 0.000000000000000000e+00 5.900000000000000000e+01 1.090000000000000000e+02 3.000000000000000000e+01 1.000000000000000000e+01 1.200000000000000000e+01 0.000000000000000000e+00 6.000000000000000000e+00
6.930000000000000000e+02 7.100000000000000000e+01 1.640000000000000000e+02 3.800000000000000000e+01 3.000000000000000000e+00 3.000000000000000000e+00 3.000000000000000000e+00 1.600000000000000000e+01 5.000000000000000000e+00 3.000000000000000000e+00 5.000000000000000000e+00 0.000000000000000000e+00 3.000000000000000000e+00 3.000000000000000000e+00 1.420000000000000000e+02 7.300000000000000000e+01 0.000000000000000000e+00 2.080000000000000000e+02 6.000000000000000000e+00 1.300000000000000000e+01 4.000000000000000000e+00 3.000000000000000000e+00 3.000000000000000000e+00 3.000000000000000000e+00 1.000000000000000000e+00 0.000000000000000000e+00 9.000000000000000000e+01 5.800000000000000000e+01 0.000000000000000000e+00 0.000000000000000000e+00 1.250000000000000000e+02 4.500000000000000000e+01 2.200000000000000000e+02 1.000000000000000000e+00 1.000000000000000000e+00 0.000000000000000000e+00 1.800000000000000000e+01 2.000000000000000000e+00 2.000000000000000000e+00 3.000000000000000000e+00 3.000000000000000000e+00 2.000000000000000000e+00 4.000000000000000000e+00 3.000000000000000000e+02 0.000000000000000000e+00 3.200000000000000000e+01 2.650000000000000000e+02 2.400000000000000000e+01 3.700000000000000000e+01 3.600000000000000000e+01 2.460000000000000000e+02 3.900000000000000000e+01 2.900000000000000000e+01 1.400000000000000000e+01 2.200000000000000000e+01 5.000000000000000000e+00 1.800000000000000000e+01 0.000000000000000000e+00 1.300000000000000000e+01 1.400000000000000000e+01 1.700000000000000000e+01 5.800000000000000000e+02 4.800000000000000000e+02 2.370000000000000000e+02 5.420000000000000000e+02 0.000000000000000000e+00 2.220000000000000000e+02 0.000000000000000000e+00 0.000000000000000000e+00 1.530000000000000000e+02 0.000000000000000000e+00 4.020000000000000000e+02 3.930000000000000000e+02 1.710000000000000000e+02 2.030000000000000000e+02 2.300000000000000000e+02 8.100000000000000000e+01 3.700000000000000000e+01 3.600000000000000000e+01 3.000000000000000000e+00 1.860000000000000000e+02 9.100000000000000000e+01 0.000000000000000000e+00 5.150000000000000000e+02 6.300000000000000000e+01 1.030000000000000000e+02 3.100000000000000000e+01 9.000000000000000000e+01 7.000000000000000000e+00 4.200000000000000000e+01
